7.638715744018555
7.623414993286133
7.6179962158203125
7.600820541381836
7.597900390625
7.589578628540039
7.583662033081055
7.577018737792969
7.564633846282959
7.556768894195557
7.543344020843506
7.541654586791992
7.534399032592773
7.532398223876953
7.509166717529297
7.50643253326416
7.505377292633057
7.485942840576172
7.495427131652832
7.48151159286499
7.470223426818848
7.466934680938721
7.458902835845947
7.452972412109375
7.4493818283081055
7.430019855499268
7.428134918212891
7.409699440002441
7.444099426269531
7.414860725402832
7.410275936126709
7.393706321716309
7.394406318664551
7.372153282165527
7.384239196777344
7.374765396118164
7.386674880981445
7.346724510192871
7.352305889129639
7.357057094573975
7.352455139160156
7.3330254554748535
7.332080841064453
7.325716972351074
7.300021171569824
7.340386390686035
7.324351787567139
7.321322441101074
7.310944557189941
7.308080673217773
7.306694507598877
7.273811340332031
7.270633697509766
7.277118682861328
7.284534454345703
7.2759575843811035
7.264884948730469
7.247523307800293
7.267045021057129
7.272334098815918
7.247328758239746
7.253483772277832
7.251301288604736
7.230619430541992
7.245165824890137
7.251070499420166
7.198304653167725
7.239453315734863
7.202035427093506
7.180330276489258
7.206800937652588
7.16208028793335
7.192383766174316
7.185325622558594
7.170680999755859
7.166111946105957
7.192747116088867
7.18537712097168
7.206906318664551
7.172276496887207
7.200510025024414
7.179612159729004
7.159873008728027
7.184234619140625
7.161742687225342
7.14763879776001
7.195125579833984
7.157215118408203
7.16926383972168
7.141365051269531
7.15809965133667
7.15412712097168
7.114261150360107
7.122559547424316
7.156466007232666
7.115316390991211
7.14068603515625
7.05124044418335
7.122686386108398
7.122319221496582
