7.637744903564453
7.631721496582031
7.621613502502441
7.613443374633789
7.596831321716309
7.594479560852051
7.588584899902344
7.571893692016602
7.564512729644775
7.566845893859863
7.550868511199951
7.535008907318115
7.522709369659424
7.513219356536865
7.513911247253418
7.503971099853516
7.491887092590332
7.485414505004883
7.47429084777832
7.459543704986572
7.442998886108398
7.427745819091797
7.423837661743164
7.417537689208984
7.394962787628174
7.393448829650879
7.375085830688477
7.380884170532227
7.3538055419921875
7.3530964851379395
7.3329243659973145
7.3397536277771
7.303586483001709
7.311044216156006
7.28926420211792
7.283191680908203
7.243308067321777
7.256986141204834
7.256169319152832
7.216726303100586
7.237597465515137
7.220282554626465
7.224377632141113
7.207802772521973
7.21535062789917
7.209715843200684
7.177892684936523
7.1604719161987305
7.163140296936035
7.180954933166504
7.171719074249268
7.120155334472656
7.149548530578613
7.139975547790527
7.12345027923584
7.135303497314453
7.160076141357422
7.134195327758789
7.157100677490234
7.083158493041992
7.091503143310547
7.1017632484436035
7.10617733001709
7.097041130065918
7.1487274169921875
7.1160736083984375
7.131739616394043
7.117630958557129
7.119468688964844
7.108451843261719
7.029941558837891
7.05319881439209
7.130098342895508
7.037410259246826
7.104094505310059
7.058263778686523
7.102431774139404
7.121807098388672
7.125979900360107
7.087780952453613
7.128397464752197
7.066893577575684
7.085129737854004
7.055541038513184
7.063965320587158
7.024069786071777
7.0486650466918945
7.018523216247559
7.054653167724609
7.101662635803223
7.090633392333984
7.065273284912109
7.060779571533203
7.1118693351745605
7.079438209533691
7.106915473937988
7.037517070770264
7.064990997314453
7.027732849121094
7.043553352355957
