7.624849796295166
7.619405746459961
7.602665424346924
7.600907802581787
7.59228515625
7.5806379318237305
7.57997989654541
7.575919151306152
7.558737277984619
7.565523147583008
7.541050910949707
7.537175178527832
7.5191545486450195
7.519266128540039
7.491117477416992
7.49203634262085
7.489134788513184
7.475379467010498
7.46074104309082
7.461729049682617
7.438507080078125
7.438848495483398
7.413042068481445
7.407774448394775
7.397604465484619
7.367788791656494
7.363399505615234
7.359282493591309
7.315797805786133
7.3589959144592285
7.333525657653809
7.307843208312988
7.325144290924072
7.284242630004883
7.26123046875
7.274977684020996
7.256038188934326
7.257744312286377
7.243499755859375
7.275625228881836
7.250850677490234
7.24698543548584
7.2308783531188965
7.207335472106934
7.189081192016602
7.192730903625488
7.183811187744141
7.226372718811035
7.118398189544678
7.149861812591553
7.176126003265381
7.153140068054199
7.193809509277344
7.126314163208008
7.147597312927246
7.142263412475586
7.1540727615356445
7.131442070007324
7.114511013031006
7.128450393676758
7.131707668304443
7.096569061279297
7.102067947387695
7.131547927856445
7.101164817810059
7.144820213317871
7.129942417144775
7.1147260665893555
7.084284782409668
7.087738990783691
7.14888858795166
7.092365741729736
7.078954696655273
7.107194423675537
7.066307067871094
7.054694175720215
7.0474700927734375
7.115630149841309
7.037644386291504
7.063938140869141
7.040365219116211
7.056726455688477
7.031607151031494
7.127823829650879
7.0976152420043945
6.984346866607666
7.054802894592285
7.062106132507324
6.9761762619018555
7.062893867492676
7.07282018661499
7.071468830108643
7.073383331298828
7.018861770629883
7.03098201751709
7.087066650390625
7.045439720153809
7.132383823394775
7.102203369140625
7.117557525634766
