7.629861831665039
7.621325492858887
7.613969802856445
7.613504886627197
7.591400623321533
7.591434478759766
7.581723213195801
7.568085670471191
7.554218292236328
7.546549320220947
7.538759708404541
7.535557746887207
7.5269975662231445
7.511096000671387
7.477756500244141
7.476428985595703
7.4720869064331055
7.46151065826416
7.457691669464111
7.43353796005249
7.4224653244018555
7.397666931152344
7.399452209472656
7.3794474601745605
7.361445426940918
7.357231140136719
7.351767063140869
7.355477809906006
7.314859390258789
7.329425811767578
7.2835845947265625
7.308682918548584
7.295568943023682
7.261077880859375
7.27266788482666
7.269239902496338
7.234679698944092
7.244917869567871
7.193992614746094
7.217222690582275
7.212047576904297
7.187674522399902
7.178896903991699
7.230279445648193
7.197579860687256
7.168654441833496
7.142166614532471
7.172942638397217
7.1586456298828125
7.173508644104004
7.145638465881348
7.128548622131348
7.146373748779297
7.090908527374268
7.153232574462891
7.166430950164795
7.153253078460693
7.141472816467285
7.078693389892578
7.097029209136963
7.09243106842041
7.087984085083008
7.132759094238281
7.111857891082764
7.103796005249023
7.117756366729736
7.082944869995117
7.064458847045898
7.113821983337402
7.124815940856934
7.0947184562683105
7.089982986450195
7.107389450073242
7.038422107696533
7.131150722503662
7.102036476135254
7.118856906890869
7.056417465209961
7.13926362991333
7.086092948913574
7.070102691650391
7.0530900955200195
7.078238487243652
7.059989929199219
7.048172950744629
7.038698196411133
7.115228652954102
7.090061187744141
7.084823131561279
7.06561279296875
7.071789264678955
7.041347503662109
7.076237678527832
7.053274154663086
7.0210676193237305
7.0544023513793945
7.093528747558594
7.024890899658203
7.0632781982421875
7.020514488220215
