7.62664794921875
7.622027397155762
7.612481117248535
7.598213195800781
7.594897747039795
7.586525917053223
7.571361541748047
7.561767578125
7.565688133239746
7.551890850067139
7.543344020843506
7.527350902557373
7.5240325927734375
7.523703098297119
7.494828224182129
7.471658706665039
7.496827125549316
7.468787670135498
7.441247463226318
7.438426971435547
7.422235012054443
7.41717529296875
7.406714916229248
7.382909774780273
7.380280494689941
7.382598400115967
7.369019508361816
7.377180099487305
7.317532539367676
7.319761276245117
7.301414489746094
7.263735771179199
7.293702602386475
7.26225471496582
7.278809547424316
7.261239528656006
7.236287593841553
7.272768974304199
7.221866607666016
7.242989540100098
7.193277359008789
7.20036506652832
7.203724384307861
7.1939167976379395
7.18817138671875
7.200263023376465
7.1795806884765625
7.185197353363037
7.162111282348633
7.168485641479492
7.190136909484863
7.1267900466918945
7.193484306335449
7.147482872009277
7.158454895019531
7.172179698944092
7.127892017364502
7.142946243286133
7.146318435668945
7.134163856506348
7.103107452392578
7.134054183959961
7.110421180725098
7.086391448974609
7.113109111785889
7.101236343383789
7.164705753326416
7.0929131507873535
7.114940643310547
7.098718643188477
7.117827415466309
7.114962100982666
7.097408294677734
7.0175676345825195
7.106536388397217
7.0713982582092285
7.0435791015625
7.086139678955078
7.0935211181640625
7.074635028839111
7.101766586303711
7.090155124664307
7.18752908706665
7.04379940032959
7.071022987365723
7.048590183258057
7.024519443511963
7.07083797454834
7.047943115234375
7.074557304382324
7.064536094665527
7.116012096405029
7.0304460525512695
7.079545021057129
7.059165000915527
7.086763381958008
7.03251838684082
7.037708282470703
7.114548683166504
7.056336402893066
