7.63052225112915
7.631500720977783
7.63262939453125
7.626819610595703
7.628064155578613
7.6245856285095215
7.619000434875488
7.6124677658081055
7.6108856201171875
7.602900505065918
7.602629661560059
7.595604419708252
7.596732139587402
7.590926170349121
7.580163955688477
7.581879138946533
7.562196731567383
7.557921409606934
7.549655914306641
7.536109447479248
7.525507926940918
7.5208001136779785
7.513093948364258
7.502300262451172
7.480383396148682
7.484472274780273
7.461506366729736
7.453489303588867
7.424211502075195
7.432432174682617
7.425769805908203
7.3985490798950195
7.3932342529296875
7.40783166885376
7.357874393463135
7.379706859588623
7.361527442932129
7.348608016967773
7.335748672485352
7.328189373016357
7.3059821128845215
7.316771030426025
7.327986717224121
7.296881675720215
7.241654396057129
7.2552690505981445
7.234716415405273
7.226985454559326
7.268163681030273
7.239060401916504
7.190764427185059
7.233143329620361
7.211181640625
7.20017671585083
7.181239128112793
7.150032043457031
7.146180152893066
7.166088104248047
7.173236846923828
7.175421714782715
7.127779006958008
7.163275241851807
7.1575798988342285
7.157939910888672
7.118732452392578
7.156528472900391
7.148433208465576
7.132257461547852
7.103877067565918
7.083737850189209
7.108906269073486
7.080988883972168
7.06159782409668
7.11226749420166
7.101956367492676
7.0624284744262695
7.087643623352051
7.060076713562012
7.081040382385254
7.033417701721191
7.015037536621094
7.019362449645996
7.071244239807129
7.044029235839844
7.007200717926025
6.986518383026123
7.053524494171143
7.049416542053223
7.010633945465088
7.023981094360352
7.02572774887085
7.006019592285156
6.976317405700684
7.048868179321289
7.056426048278809
6.985262393951416
7.008610725402832
6.996639728546143
6.988703727722168
6.98415994644165
