7.629569053649902
7.628920555114746
7.626618385314941
7.623464107513428
7.617790222167969
7.610157012939453
7.6065545082092285
7.605743408203125
7.601284980773926
7.587761878967285
7.577736854553223
7.554841995239258
7.549536228179932
7.543376922607422
7.536985397338867
7.526017665863037
7.527359962463379
7.519158840179443
7.491881370544434
7.467820644378662
7.478027820587158
7.45561408996582
7.446220397949219
7.444998741149902
7.440857887268066
7.425778388977051
7.376280784606934
7.418773651123047
7.3900651931762695
7.377778053283691
7.372533798217773
7.330224990844727
7.353816986083984
7.326361656188965
7.345241546630859
7.2778401374816895
7.297469139099121
7.248766899108887
7.283778190612793
7.262148380279541
7.228983402252197
7.246822357177734
7.237903594970703
7.258379936218262
7.214141845703125
7.207305908203125
7.212058067321777
7.203437805175781
7.225862503051758
7.173319339752197
7.171664237976074
7.145764350891113
7.175816535949707
7.174666404724121
7.139972686767578
7.139541149139404
7.156524658203125
7.109892845153809
7.108130931854248
7.1057658195495605
7.146122932434082
7.1521220207214355
7.1288042068481445
7.054849147796631
7.148603439331055
7.122573375701904
7.0851593017578125
7.150700569152832
7.130997657775879
7.042689323425293
7.075681686401367
7.0528950691223145
7.057080268859863
7.085967540740967
7.1263885498046875
7.112689971923828
7.030910491943359
7.035427570343018
7.0482177734375
7.079992294311523
7.056134223937988
7.037787437438965
7.091766834259033
7.012003421783447
7.036014080047607
7.030241012573242
7.022770881652832
7.024763584136963
7.04380989074707
7.082120895385742
7.004685401916504
7.022939205169678
7.01635217666626
6.981280326843262
7.034192085266113
6.995253562927246
7.0607218742370605
7.024836540222168
7.043346405029297
7.024543762207031
