7.631839275360107
7.627033233642578
7.624547004699707
7.623528480529785
7.6175336837768555
7.622122764587402
7.615424633026123
7.604986190795898
7.60650634765625
7.610561370849609
7.6050920486450195
7.603094577789307
7.601845741271973
7.592837810516357
7.589702606201172
7.5924224853515625
7.589721202850342
7.588766098022461
7.58573055267334
7.578859806060791
7.57089900970459
7.581384658813477
7.566123008728027
7.578996181488037
7.5669097900390625
7.551305770874023
7.566318035125732
7.551117897033691
7.5701584815979
7.554811477661133
7.558720588684082
7.542785167694092
7.553291320800781
7.528623580932617
7.5395355224609375
7.514767646789551
7.530757904052734
7.495821475982666
7.521294116973877
7.512154579162598
7.48769998550415
7.509023666381836
7.495455265045166
7.487943649291992
7.484180450439453
7.462428092956543
7.459845066070557
7.4492645263671875
7.451014518737793
7.449814796447754
7.461254119873047
7.456770896911621
7.449635982513428
7.428654670715332
7.428788185119629
7.44480562210083
7.41170597076416
7.391737461090088
7.3805413246154785
7.371110916137695
7.387609958648682
7.3548970222473145
7.3645148277282715
7.372661113739014
7.356842041015625
7.330051422119141
7.327254772186279
7.322342395782471
7.305105209350586
7.287092685699463
7.267189025878906
7.279838562011719
7.260684967041016
7.276413917541504
7.245002746582031
7.246222972869873
7.176322937011719
7.230813503265381
7.207366943359375
7.185926914215088
7.172150611877441
7.153914451599121
7.178541660308838
7.118559837341309
7.093258857727051
7.126064777374268
7.10888671875
7.135941028594971
7.084311485290527
7.126355171203613
7.054234504699707
7.053414344787598
7.023538589477539
7.012539863586426
7.021368026733398
6.989152431488037
6.991833686828613
6.980487823486328
6.965401649475098
6.9331865310668945
